[accuracy.jpg]
moddate=00005db196cb0000
width=890
height=668
text=1;136;8;5 Meters;Lucida Grande;0.761129,0.880810,0.056896,6.283185;v1,4294967295,4278190080,128.000000,1.000000,0.000000,1.000000,400,0,49152;;
textactive=1
